data,visite_sito,visualizzazioni_pagina,durata_media_sessione,frequenza_rimbalzo,click_annunci,spesa_ads,email_inviate,aperture_email,click_email,ordini,valore_totale_ordini,utenti_nuovi,churn_rate,tasso_conversione,segmento_dominante
2023-01-01,79,130,157.3,49.6,9,182.45,599,240,86,32,3216.21,21,3.7,0.303,B
2023-01-02,108,192,120.8,58.8,12,176.66,864,347,134,48,4544.92,16,3.34,0.623,A
2023-01-03,125,189,143.3,52.9,13,186.54,861,326,133,53,5338.21,23,3.25,0.694,D
2023-01-04,103,199,152.4,52.9,11,188.42,870,346,132,51,5151.55,14,3.31,0.627,D
2023-01-05,109,188,156.2,50.7,8,174.89,874,350,124,42,4142.73,15,3.52,0.548,A
2023-01-06,110,207,147.9,52.6,8,179.06,884,351,131,49,4188.94,16,3.35,0.619,C
2023-01-07,82,124,144.5,49.1,8,187.13,625,242,90,34,2942.19,18,3.7,0.33,C
2023-01-08,73,110,162.7,51.4,8,185.83,603,236,95,33,3085.87,12,3.7,0.323,A
2023-01-09,112,173,154.3,49.5,12,188.25,867,345,136,57,5645.98,12,3.31,0.71,C
2023-01-10,114,197,140.3,52.2,13,184.98,904,362,141,55,5233.35,25,3.34,0.711,A
2023-01-11,102,175,150.6,44.8,12,194.56,910,370,133,55,5607.79,14,3.35,0.666,A
2023-01-12,111,181,155.7,48.8,7,194.96,892,368,120,47,4832.93,14,3.31,0.581,D
2023-01-13,103,160,175.8,55.6,11,192.31,888,352,124,47,4830.64,1,3.43,0.579,C
2023-01-14,69,98,161.8,54.4,12,198.52,639,251,103,34,3612.4,13,3.7,0.34,A
2023-01-15,87,147,168.2,55.5,16,196.13,650,264,95,36,3147.87,14,3.72,0.379,B
2023-01-16,119,195,140.8,57.1,5,125.49,937,381,137,52,5069.95,18,3.44,0.683,D
2023-01-17,119,192,142.1,54.9,7,132.23,929,367,148,50,4568.95,16,3.27,0.703,B
2023-01-18,121,229,146.5,51.3,11,126.18,924,378,145,53,4553.87,15,3.29,0.725,D
2023-01-19,100,168,147.8,49.5,9,135.96,923,379,139,51,4718.5,13,3.31,0.64,D
2023-01-20,106,199,134.9,56.7,9,131.9,936,387,139,54,5553.47,18,3.43,0.68,B
2023-01-21,98,159,169.0,51.7,8,131.81,655,280,98,39,3861.95,18,3.64,0.431,C
2023-01-22,74,129,163.3,59.3,8,129.91,651,252,99,35,3914.14,10,3.69,0.349,C
2023-01-23,126,214,145.4,51.6,10,140.0,969,388,153,60,5735.2,24,3.23,0.81,C
2023-01-24,114,169,159.6,57.9,6,133.68,970,388,148,54,5894.68,17,3.38,0.724,B
2023-01-25,122,228,153.3,51.9,10,132.88,968,386,149,45,4343.71,16,3.44,0.671,A
2023-01-26,112,188,160.8,56.0,5,133.82,951,374,149,54,5117.79,18,3.38,0.717,A
2023-01-27,126,225,129.8,58.6,9,138.8,973,374,140,58,5111.19,12,3.3,0.754,C
2023-01-28,88,138,147.8,49.5,9,138.52,684,275,106,33,3493.0,14,3.62,0.387,C
2023-01-29,82,137,149.1,51.1,7,139.3,685,266,101,39,3519.73,5,3.65,0.404,C
2023-01-30,114,181,159.4,48.9,8,139.93,988,396,136,57,5264.43,12,3.34,0.719,B
2023-01-31,124,230,140.6,49.3,8,149.02,986,386,137,50,5096.3,9,3.35,0.682,A
2023-02-01,112,195,112.5,56.4,6,136.81,991,385,144,54,5492.39,16,3.31,0.704,A
2023-02-02,126,220,133.8,52.7,8,136.81,994,400,152,52,5306.51,27,3.36,0.747,C
2023-02-03,143,264,149.1,52.7,6,135.82,994,399,150,64,5989.13,21,3.24,0.876,B
2023-02-04,97,182,151.0,54.1,9,143.48,678,277,103,39,3712.52,18,3.55,0.441,C
2023-02-05,93,169,175.3,45.7,6,146.55,700,302,115,44,4134.9,26,3.5,0.502,A
2023-02-06,124,189,158.7,55.9,10,140.84,996,401,143,59,5865.72,21,3.28,0.774,B
2023-02-07,107,171,151.2,51.4,6,137.7,992,402,149,58,5986.52,12,3.31,0.74,D
2023-02-08,116,182,149.5,54.1,7,138.27,1025,399,155,55,5288.95,14,3.26,0.755,A
2023-02-09,138,245,166.6,53.5,8,146.13,1029,399,151,55,5822.85,21,3.35,0.789,A
2023-02-10,123,211,141.1,57.1,11,147.07,1029,427,154,60,5995.87,15,3.25,0.806,C
2023-02-11,85,124,147.9,52.3,9,146.53,716,277,99,35,3230.68,10,3.67,0.375,B
2023-02-12,90,150,133.7,46.9,8,140.95,729,281,116,35,3599.65,18,3.68,0.432,D
2023-02-13,119,181,171.3,51.6,10,145.89,1025,410,150,56,5835.15,23,3.26,0.756,D
2023-02-14,116,197,155.9,52.8,5,145.76,1030,411,165,56,5887.28,9,3.25,0.785,C
2023-02-15,126,190,139.4,49.9,9,146.71,1021,399,153,64,6415.94,15,3.12,0.842,A
2023-02-16,124,219,148.3,53.0,13,150.41,1038,412,161,61,5840.89,16,3.19,0.839,B
2023-02-17,123,215,157.6,51.0,9,147.59,1038,428,155,55,5168.6,21,3.19,0.772,D
2023-02-18,84,172,146.2,48.7,9,150.29,715,278,107,38,3796.05,18,3.64,0.417,B
2023-02-19,97,177,142.0,54.9,10,147.64,730,278,107,33,3663.86,28,3.65,0.409,D
2023-02-20,129,213,140.2,51.3,11,149.14,1045,428,157,55,5350.58,17,3.24,0.797,C
2023-02-21,129,232,155.1,51.0,5,151.25,1067,432,162,65,6337.3,17,3.14,0.883,A
2023-02-22,135,208,144.6,51.4,5,141.19,1061,418,155,67,6417.96,23,3.17,0.893,B
2023-02-23,130,207,143.2,56.5,9,147.25,1054,406,158,62,5808.56,16,3.14,0.845,C
2023-02-24,129,224,130.0,53.4,7,146.86,1059,416,156,59,5523.73,19,3.24,0.811,A
2023-02-25,99,135,151.2,52.7,11,146.38,742,296,123,44,4216.6,13,3.52,0.539,B
2023-02-26,98,167,147.3,51.3,8,148.55,741,308,111,38,4151.38,2,3.48,0.46,C
2023-02-27,128,202,145.2,54.1,6,157.74,1054,411,166,70,6606.7,20,3.13,0.929,A
2023-02-28,132,225,153.0,56.4,6,146.26,1065,425,159,59,5652.1,19,3.13,0.836,B
2023-03-01,125,197,161.2,53.9,8,231.21,1062,431,161,69,6255.84,25,3.12,0.898,C
2023-03-02,126,221,160.5,54.0,13,218.43,1059,400,152,63,6225.72,19,3.14,0.833,C
2023-03-03,142,242,158.3,53.9,13,225.62,1078,442,160,54,5512.71,15,3.31,0.812,B
2023-03-04,101,192,146.4,48.5,13,228.55,757,291,115,41,4408.91,14,3.46,0.503,D
2023-03-05,100,170,141.5,50.3,16,231.1,736,298,118,42,4066.24,5,3.43,0.516,D
2023-03-06,140,226,134.3,52.7,16,232.14,1078,434,163,61,5985.91,15,3.18,0.873,B
2023-03-07,138,231,141.1,50.8,14,232.95,1091,447,171,64,6042.79,24,3.1,0.918,A
2023-03-08,142,220,150.3,49.3,9,227.62,1094,443,167,75,7277.06,20,2.95,1.0,C
2023-03-09,146,255,138.2,47.5,15,227.42,1095,414,172,61,5901.47,27,3.16,0.912,A
2023-03-10,145,256,151.4,48.4,15,234.38,1087,427,163,63,6001.8,12,3.04,0.901,D
2023-03-11,97,202,135.5,52.5,14,229.47,753,303,125,50,4812.71,13,3.38,0.59,B
2023-03-12,109,176,125.1,53.5,15,224.37,752,299,110,42,4139.0,14,3.49,0.516,B
2023-03-13,139,232,162.3,49.5,11,225.4,1095,443,160,61,5725.99,26,3.21,0.867,B
2023-03-14,145,239,142.9,53.1,18,226.76,1096,446,158,56,5250.23,25,3.28,0.835,B
2023-03-15,141,243,137.4,51.8,12,234.12,1107,449,178,67,6921.82,24,3.13,0.971,D
2023-03-16,142,248,133.6,56.6,15,232.61,1106,440,170,67,7131.28,29,3.1,0.943,A
2023-03-17,131,222,156.3,51.7,11,235.6,1095,420,163,63,5589.9,18,3.05,0.868,D
2023-03-18,102,190,170.6,53.6,12,230.25,756,298,120,48,4176.91,22,3.48,0.568,A
2023-03-19,123,200,144.0,53.4,17,233.39,766,310,118,51,4563.06,13,3.47,0.635,C
2023-03-20,136,246,146.8,48.5,14,235.93,1102,430,175,70,6613.17,15,3.12,0.971,D
2023-03-21,140,246,166.1,51.4,16,231.44,1098,446,157,60,5983.82,25,3.21,0.854,B
2023-03-22,135,230,122.8,50.2,15,235.45,1095,447,163,57,5586.84,13,3.15,0.835,A
2023-03-23,135,225,179.5,50.7,14,230.01,1104,443,163,59,5682.81,23,3.16,0.852,D
2023-03-24,152,295,186.7,48.4,17,231.64,1097,408,155,59,5781.61,23,3.28,0.866,D
2023-03-25,93,146,109.4,55.7,13,231.67,766,294,120,46,4161.97,19,3.42,0.538,B
2023-03-26,94,165,148.5,48.5,10,227.71,776,329,115,42,3881.43,14,3.48,0.487,B
2023-03-27,126,202,139.2,53.1,13,236.21,1100,435,169,59,5631.53,19,3.24,0.849,D
2023-03-28,134,255,146.0,54.4,15,231.51,1107,423,178,63,5470.0,23,3.11,0.919,A
2023-03-29,127,229,143.7,55.5,15,233.98,1107,455,164,55,4922.54,16,3.18,0.808,C
2023-03-30,142,231,162.2,49.6,11,236.36,1093,437,162,60,5396.28,18,3.25,0.871,B
2023-03-31,161,281,148.3,52.6,13,236.22,1100,451,166,58,5711.29,26,3.18,0.903,A
2023-04-01,98,171,136.3,53.7,13,237.33,788,318,123,43,4111.44,15,3.49,0.527,D
2023-04-02,85,136,147.4,57.3,13,233.5,762,309,111,40,3998.17,11,3.52,0.444,B
2023-04-03,143,254,157.7,47.7,11,231.86,1084,437,159,56,4723.54,21,3.32,0.828,D
2023-04-04,131,228,132.2,50.7,13,233.54,1086,441,168,65,5725.78,28,3.13,0.902,B
2023-04-05,149,257,125.3,62.1,12,225.45,1105,465,168,67,6540.61,20,3.17,0.955,B
2023-04-06,138,234,179.9,50.2,15,226.58,1104,451,155,57,4570.21,18,3.27,0.816,B
2023-04-07,135,236,140.4,47.3,15,227.12,1103,425,159,59,5944.63,12,3.18,0.838,B
2023-04-08,99,172,147.9,50.9,13,228.65,784,318,125,49,4146.87,15,3.4,0.591,D
2023-04-09,102,175,144.0,44.5,13,235.52,745,309,114,40,4096.77,19,3.6,0.498,C
2023-04-10,138,225,158.2,52.8,14,228.86,1106,454,162,58,5253.0,25,3.27,0.847,C
2023-04-11,136,257,176.6,53.6,12,231.35,1117,443,167,68,6800.38,21,3.01,0.937,B
2023-04-12,135,214,158.7,49.3,12,239.57,1089,447,163,65,7140.54,25,3.16,0.899,A
2023-04-13,127,223,127.2,52.2,12,231.12,1096,448,168,66,5558.76,23,3.13,0.9,A
2023-04-14,141,234,129.2,56.3,13,236.39,1091,462,157,63,6222.67,27,3.11,0.876,C
2023-04-15,83,167,144.0,47.5,11,227.83,760,296,110,34,2671.49,17,3.65,0.388,B
2023-04-16,93,144,146.0,48.7,10,153.82,765,301,116,49,4775.41,22,3.4,0.547,B
2023-04-17,144,235,124.2,53.1,10,149.93,1110,441,166,64,6052.05,21,3.1,0.92,B
2023-04-18,139,222,162.3,49.6,6,152.82,1113,440,170,68,6489.64,14,3.05,0.947,B
2023-04-19,140,243,133.7,52.4,10,158.53,1090,427,157,61,5567.07,24,3.15,0.866,C
2023-04-20,137,212,172.4,47.6,8,145.5,1111,417,168,63,6255.81,24,3.13,0.903,C
2023-04-21,145,240,177.3,51.8,10,156.11,1091,432,169,63,5538.11,30,3.08,0.919,D
2023-04-22,106,147,146.3,52.2,9,154.92,780,316,119,46,4761.8,22,3.54,0.562,A
2023-04-23,98,170,156.6,53.8,6,150.54,760,299,115,42,3896.32,24,3.55,0.505,B
2023-04-24,141,232,131.5,54.0,6,146.04,1087,454,163,65,5755.59,24,3.22,0.909,A
2023-04-25,141,218,159.4,52.7,9,153.39,1088,435,159,54,5574.94,22,3.24,0.808,D
2023-04-26,136,247,142.5,48.5,11,150.13,1114,459,167,61,5787.31,13,3.14,0.877,C
2023-04-27,122,188,133.7,54.8,5,153.68,1089,438,170,71,7347.27,20,3.18,0.931,B
2023-04-28,137,245,145.7,51.7,10,152.36,1071,437,160,58,5916.86,18,3.17,0.841,D
2023-04-29,102,163,143.0,52.3,12,159.98,763,308,110,41,3637.72,16,3.53,0.487,B
2023-04-30,103,199,145.1,55.9,9,150.48,748,313,110,39,3668.26,16,3.6,0.472,A
2023-05-01,126,225,164.2,49.6,10,146.26,1067,428,161,62,5947.76,21,3.12,0.851,B
2023-05-02,126,199,138.2,57.1,8,151.97,1079,437,160,57,5877.06,18,3.28,0.803,A
2023-05-03,136,218,176.0,55.5,9,151.86,1068,431,163,61,5882.96,25,3.21,0.865,D
2023-05-04,131,231,130.1,55.8,6,157.22,1068,424,163,65,6230.15,6,3.21,0.891,C
2023-05-05,115,191,174.2,48.3,5,154.27,1063,429,164,58,5488.82,18,3.27,0.804,C
2023-05-06,98,164,134.8,46.7,11,151.53,746,321,119,48,4552.89,21,3.52,0.559,D
2023-05-07,78,152,150.0,55.7,7,156.71,745,295,117,47,4874.24,21,3.51,0.5,C
2023-05-08,121,194,142.6,53.2,8,143.09,1036,419,151,61,5783.43,22,3.19,0.795,B
2023-05-09,141,241,144.8,50.5,6,145.46,1060,436,154,59,5527.79,30,3.3,0.842,A
2023-05-10,142,256,162.0,55.4,6,143.65,1041,428,156,73,6726.36,22,3.0,0.951,B
2023-05-11,118,214,172.5,48.8,8,145.95,1033,413,153,62,5718.22,18,3.15,0.805,D
2023-05-12,126,212,167.9,50.3,7,140.62,1044,394,151,58,5124.51,22,3.27,0.79,D
2023-05-13,93,154,143.9,54.4,10,150.27,730,297,107,37,3302.1,14,3.68,0.43,C
2023-05-14,106,153,152.8,49.0,10,145.57,720,266,106,40,4217.87,12,3.56,0.475,A
2023-05-15,126,198,138.3,52.8,9,138.91,1044,432,153,63,5953.46,16,3.25,0.833,A
2023-05-16,123,214,135.1,56.5,9,140.76,1020,410,151,64,6299.98,13,3.1,0.828,D
2023-05-17,141,238,132.8,54.0,12,146.97,1026,420,160,67,5583.55,24,3.1,0.914,A
2023-05-18,123,210,143.4,56.6,7,149.15,1021,399,154,61,5993.09,18,3.13,0.815,B
2023-05-19,133,242,153.7,55.7,9,154.49,1023,394,166,58,5447.89,18,3.24,0.847,B
2023-05-20,80,118,121.3,54.0,12,158.62,717,289,108,42,3870.21,9,3.49,0.445,B
2023-05-21,88,147,149.3,45.5,11,145.66,702,280,104,34,3313.98,16,3.57,0.386,C
2023-05-22,112,193,172.7,48.0,5,138.17,1021,403,153,52,4745.79,21,3.35,0.713,D
2023-05-23,117,188,166.8,53.9,7,131.98,1011,405,153,58,4894.83,12,3.31,0.775,C
2023-05-24,131,244,141.2,48.3,11,143.49,988,423,150,60,5939.11,13,3.21,0.81,B
2023-05-25,122,222,129.0,52.6,9,137.59,984,402,158,63,6089.2,23,3.22,0.838,B
2023-05-26,122,211,156.9,53.2,9,139.08,1000,410,146,57,5342.15,11,3.3,0.762,D
2023-05-27,81,165,115.2,58.6,8,137.6,695,287,109,43,3836.2,15,3.55,0.455,B
2023-05-28,85,123,166.7,49.9,8,139.44,694,292,105,35,2912.79,21,3.57,0.394,B
2023-05-29,126,214,146.8,50.7,9,144.96,989,394,140,53,5103.28,27,3.34,0.72,C
2023-05-30,130,227,177.5,51.0,8,139.89,988,374,152,52,5396.44,23,3.32,0.753,A
2023-05-31,102,160,124.1,54.8,8,137.79,991,395,155,49,4756.84,19,3.41,0.681,A
2023-06-01,113,197,163.8,51.3,8,132.87,967,395,141,56,4920.46,28,3.32,0.718,D
2023-06-02,120,187,148.5,55.7,6,129.13,962,375,144,51,4935.11,6,3.28,0.702,C
2023-06-03,84,153,145.0,50.4,9,134.53,668,266,92,39,3652.06,10,3.66,0.381,A
2023-06-04,92,172,129.5,53.9,14,136.14,679,265,96,41,4185.42,18,3.59,0.427,A
2023-06-05,122,211,158.9,53.4,5,144.7,975,405,151,55,5383.42,17,3.26,0.754,D
2023-06-06,116,170,160.1,50.8,9,135.95,954,389,141,55,4332.74,24,3.3,0.713,C
2023-06-07,111,174,176.8,53.7,7,139.65,929,378,134,48,4693.35,16,3.38,0.624,C
2023-06-08,115,203,165.1,52.2,9,131.67,933,380,141,46,4076.76,18,3.44,0.642,A
2023-06-09,126,214,141.1,55.3,8,127.67,938,375,138,53,4618.06,17,3.25,0.714,D
2023-06-10,77,91,134.9,53.8,9,128.2,654,264,96,33,3120.69,9,3.64,0.331,D
2023-06-11,83,159,129.5,54.7,10,128.82,653,249,102,37,3636.88,10,3.61,0.392,B
2023-06-12,118,203,172.1,49.5,9,142.5,934,352,134,59,5110.75,19,3.37,0.73,B
2023-06-13,129,206,138.3,51.2,10,127.16,927,372,134,45,4495.22,15,3.45,0.65,C
2023-06-14,112,205,172.2,55.1,3,134.87,936,378,141,55,5458.13,22,3.24,0.705,D
2023-06-15,123,199,157.9,54.0,11,125.57,915,378,142,50,4736.6,22,3.42,0.689,C
2023-06-16,123,199,154.9,49.2,9,134.15,909,379,142,57,5201.0,24,3.34,0.755,D
2023-06-17,82,144,145.4,53.3,10,130.82,644,273,93,37,3194.68,7,3.6,0.362,C
2023-06-18,75,155,159.9,44.9,5,127.51,621,238,98,39,3998.11,3,3.5,0.381,B
2023-06-19,109,210,149.8,50.8,6,127.48,908,360,132,47,3987.09,16,3.42,0.611,B
2023-06-20,110,192,144.5,55.7,8,123.81,901,365,144,51,5192.05,31,3.41,0.681,D
2023-06-21,118,208,160.4,51.6,8,128.7,894,383,128,53,4969.28,24,3.44,0.669,A
2023-06-22,115,207,147.8,53.0,8,123.59,907,378,143,61,5783.79,14,3.22,0.763,A
2023-06-23,112,172,138.0,44.0,9,119.12,881,364,129,50,4281.48,19,3.47,0.635,C
2023-06-24,69,128,159.0,50.9,4,118.25,639,252,106,36,3377.16,14,3.54,0.365,B
2023-06-25,71,109,149.0,53.6,9,124.88,613,236,95,37,3673.7,4,3.65,0.34,D
2023-06-26,124,216,157.3,53.5,8,131.3,861,352,124,57,5059.59,26,3.3,0.705,A
2023-06-27,107,178,143.2,55.7,7,123.59,870,337,128,49,4780.59,15,3.48,0.61,B
2023-06-28,99,175,131.9,52.8,4,121.57,855,339,132,56,5306.88,14,3.43,0.656,A
2023-06-29,118,202,176.0,50.7,8,122.98,853,340,133,48,4341.83,18,3.44,0.639,C
2023-06-30,107,136,173.2,47.3,3,127.46,861,360,129,48,4778.47,22,3.36,0.601,C
2023-07-01,81,141,163.3,51.2,9,121.41,602,237,91,37,2852.38,8,3.7,0.355,B
2023-07-02,71,131,144.2,49.0,4,117.64,587,211,92,36,3558.86,2,3.7,0.337,B
2023-07-03,104,183,145.5,47.2,8,124.6,853,346,129,46,4819.76,17,3.36,0.581,A
2023-07-04,104,176,170.7,48.2,7,120.59,851,333,121,43,4485.4,5,3.39,0.536,C
2023-07-05,96,187,144.7,57.3,10,125.51,849,340,123,51,4947.85,13,3.49,0.589,D
2023-07-06,103,180,140.5,52.2,7,118.13,836,333,127,53,4910.07,21,3.39,0.624,C
2023-07-07,106,186,178.1,51.8,5,110.47,840,333,132,56,5127.08,19,3.28,0.673,A
2023-07-08,84,159,149.3,51.0,6,109.14,556,230,92,42,3939.75,18,3.59,0.409,C
2023-07-09,74,131,176.5,45.8,10,123.62,569,212,89,34,3430.11,14,3.71,0.317,A
2023-07-10,82,126,129.0,56.4,8,123.37,804,316,122,44,3937.5,24,3.52,0.5,A
2023-07-11,99,132,157.8,45.6,6,113.24,810,331,125,52,5154.99,12,3.32,0.61,A
2023-07-12,121,198,181.1,49.3,6,111.61,798,313,116,48,5159.03,20,3.52,0.6,A
2023-07-13,105,189,150.4,52.3,4,120.23,798,303,119,41,3923.62,14,3.56,0.523,A
2023-07-14,95,156,146.0,53.4,7,106.78,814,332,118,40,3424.81,19,3.53,0.488,C
2023-07-15,72,135,132.5,51.2,3,107.24,552,232,77,31,2586.82,11,3.74,0.255,A
2023-07-16,65,112,166.2,46.2,8,114.32,555,222,85,31,3203.05,18,3.76,0.26,C
2023-07-17,86,166,138.4,50.7,7,108.54,780,293,118,45,4210.49,10,3.46,0.503,D
2023-07-18,96,159,148.6,50.3,11,109.89,779,319,120,50,4974.68,21,3.46,0.572,B
2023-07-19,96,170,131.5,51.1,4,108.5,774,293,119,48,4404.26,17,3.4,0.552,B
2023-07-20,81,146,173.4,54.2,6,110.42,775,313,117,49,4935.06,12,3.48,0.525,C
2023-07-21,89,174,167.3,48.0,11,115.18,778,302,119,38,3521.1,16,3.51,0.46,A
2023-07-22,70,94,149.5,53.4,9,108.01,550,208,82,32,2790.52,12,3.69,0.271,B
2023-07-23,63,101,132.7,53.8,5,110.2,534,209,82,34,3064.92,11,3.82,0.267,B
2023-07-24,97,178,173.0,54.2,6,96.15,760,302,110,36,3067.3,14,3.6,0.44,D
2023-07-25,82,163,144.5,52.4,6,105.59,738,289,113,40,4399.82,9,3.59,0.443,D
2023-07-26,98,171,133.4,55.7,7,101.05,745,304,115,40,3801.85,13,3.44,0.487,D
2023-07-27,83,137,123.6,53.3,5,98.61,751,296,109,41,4095.48,4,3.54,0.447,C
2023-07-28,106,191,140.3,54.3,6,99.75,746,308,112,50,4551.13,20,3.47,0.57,B
2023-07-29,50,97,128.2,49.1,3,101.92,516,209,74,36,3106.61,1,3.77,0.232,D
2023-07-30,57,91,140.7,45.1,7,107.62,520,201,75,25,2299.03,7,3.73,0.166,D
2023-07-31,94,165,161.2,53.1,7,95.86,731,284,104,42,4303.08,17,3.57,0.46,B
2023-08-01,104,195,144.4,54.1,6,102.11,734,277,116,47,4298.69,20,3.48,0.56,D
2023-08-02,90,182,155.3,53.7,3,99.0,721,291,114,45,4006.75,5,3.58,0.502,D
2023-08-03,94,171,139.1,51.5,8,99.26,711,281,109,43,4158.39,14,3.5,0.486,B
2023-08-04,89,153,151.0,56.9,7,105.39,714,262,117,45,4445.66,16,3.4,0.513,A
2023-08-05,50,84,178.8,49.7,5,102.55,466,181,69,33,3585.96,8,3.75,0.191,A
2023-08-06,59,108,144.8,54.0,6,106.03,496,190,90,38,3709.94,16,3.64,0.311,C
2023-08-07,71,120,155.8,54.0,3,98.07,664,281,98,33,3289.64,7,3.74,0.322,A
2023-08-08,73,127,126.5,58.8,4,94.86,679,255,103,42,4190.41,1,3.47,0.408,B
2023-08-09,89,136,172.8,50.4,5,96.73,698,265,103,42,3664.71,17,3.54,0.45,C
2023-08-10,79,153,142.8,50.9,8,98.58,694,289,106,41,3646.74,9,3.66,0.428,D
2023-08-11,86,129,165.8,47.2,5,97.77,675,283,105,44,3853.18,4,3.55,0.463,D
2023-08-12,49,78,148.2,57.2,7,90.99,471,181,70,27,2149.13,7,3.9,0.15,C
2023-08-13,63,109,159.2,53.3,5,96.4,489,189,82,32,3259.11,16,3.67,0.254,B
2023-08-14,80,166,160.1,53.4,6,96.63,672,275,102,39,3836.84,6,3.53,0.407,A
2023-08-15,98,160,143.2,62.2,6,107.63,696,255,106,32,3075.31,26,3.72,0.396,C
2023-08-16,87,138,166.4,52.7,8,103.98,670,249,96,36,2644.42,9,3.65,0.377,A
2023-08-17,93,149,138.6,49.2,4,89.9,671,266,103,36,4062.58,14,3.62,0.412,B
2023-08-18,77,155,161.7,51.3,2,92.3,680,288,101,34,2945.98,5,3.61,0.353,D
2023-08-19,57,55,144.1,49.9,2,86.0,464,181,67,30,3478.58,9,3.82,0.185,B
2023-08-20,48,67,155.2,51.1,4,89.95,451,181,64,26,2002.96,7,3.82,0.126,C
2023-08-21,77,171,143.1,51.6,3,94.08,654,273,111,42,3777.27,4,3.63,0.447,C
2023-08-22,80,144,150.7,50.7,7,98.13,652,282,96,34,2606.44,26,3.8,0.351,D
2023-08-23,73,107,133.9,49.1,4,88.07,636,249,88,34,3354.34,8,3.72,0.308,B
2023-08-24,73,123,153.7,57.1,10,88.07,644,258,93,39,3377.69,8,3.62,0.359,B
2023-08-25,66,113,150.7,53.4,1,80.23,637,273,95,32,2746.38,15,3.59,0.298,A
2023-08-26,39,79,141.9,52.2,6,89.79,458,168,72,27,2114.75,15,3.78,0.13,C
2023-08-27,47,107,149.2,54.8,3,84.94,448,189,70,30,3092.22,13,3.91,0.169,A
2023-08-28,83,147,152.0,53.8,4,87.26,634,243,98,30,3032.27,6,3.65,0.327,B
2023-08-29,66,104,140.8,53.8,5,85.19,633,254,92,34,3771.13,11,3.69,0.302,C
2023-08-30,66,123,148.1,54.7,1,88.77,634,251,97,35,3085.78,0,3.73,0.32,A
2023-08-31,93,148,134.9,53.7,5,80.14,636,245,91,34,3322.98,19,3.73,0.364,B
2023-09-01,75,111,185.2,52.8,11,125.59,618,237,90,32,2612.28,3,3.71,0.299,A
2023-09-02,58,72,165.9,54.0,8,143.13,428,174,60,23,2067.62,5,3.88,0.11,A
2023-09-03,63,83,154.1,52.8,8,125.61,448,189,61,31,2768.27,9,3.82,0.184,A
2023-09-04,84,130,167.6,51.0,10,126.14,617,246,98,36,3519.06,15,3.61,0.374,A
2023-09-05,65,92,120.3,58.6,8,140.4,605,243,94,36,3725.1,8,3.67,0.32,D
2023-09-06,77,135,111.6,53.0,8,145.35,622,255,98,45,4577.43,19,3.59,0.431,D
2023-09-07,63,89,144.0,54.0,3,124.59,621,239,93,32,2809.47,13,3.74,0.286,C
2023-09-08,96,116,129.3,54.8,9,128.25,599,247,94,42,4326.06,18,3.68,0.444,C
2023-09-09,43,57,146.5,50.8,8,131.45,431,181,56,21,1954.92,0,3.97,0.047,C
2023-09-10,47,73,153.1,49.9,6,138.05,435,200,70,33,3031.64,16,3.86,0.191,D
2023-09-11,69,108,163.8,50.7,8,124.16,613,242,93,38,3367.03,6,3.61,0.343,B
2023-09-12,65,133,132.9,51.9,6,127.56,614,241,95,37,3371.02,18,3.7,0.334,A
2023-09-13,85,136,156.0,47.8,7,132.39,593,245,91,34,3775.71,23,3.63,0.346,C
2023-09-14,97,178,150.2,50.5,9,130.4,609,252,86,31,3065.85,17,3.71,0.336,D
2023-09-15,71,120,155.2,53.0,5,126.09,601,235,83,32,3059.18,16,3.78,0.269,A
2023-09-16,44,75,142.2,56.7,10,127.06,417,163,59,26,2367.85,-9,3.9,0.099,B
2023-09-17,36,49,170.7,53.1,4,120.63,430,177,67,24,3060.57,4,4.02,0.096,B
2023-09-18,75,127,148.4,44.8,6,126.1,616,238,96,35,3698.59,17,3.74,0.339,B
2023-09-19,77,120,176.6,53.1,11,125.77,618,243,86,31,2771.96,16,3.78,0.293,C
2023-09-20,73,127,138.1,51.4,10,128.08,613,246,87,37,3428.28,5,3.72,0.329,B
2023-09-21,77,128,161.1,53.3,8,123.98,597,249,86,38,3503.91,10,3.76,0.337,D
2023-09-22,78,119,149.1,52.5,6,128.97,601,235,88,31,2956.25,-1,3.65,0.296,C
2023-09-23,57,112,145.1,52.2,7,131.54,426,152,57,20,1645.25,11,4.0,0.071,A
2023-09-24,52,94,159.5,51.7,8,127.14,419,148,56,23,2307.65,-2,3.86,0.086,D
2023-09-25,67,107,145.5,52.7,8,128.02,598,226,86,38,4062.67,16,3.65,0.319,C
2023-09-26,82,141,110.1,58.5,7,126.45,604,229,91,39,3336.08,18,3.67,0.377,B
2023-09-27,75,127,104.1,54.7,8,126.11,595,236,83,27,2197.49,9,3.84,0.241,B
2023-09-28,81,125,169.1,54.8,7,122.45,588,223,88,32,2905.37,15,3.65,0.311,D
2023-09-29,80,136,168.5,54.4,5,127.61,591,229,94,32,2897.98,11,3.67,0.325,B
2023-09-30,43,63,178.3,53.1,6,125.52,423,161,57,20,2510.4,8,3.96,0.044,A
2023-10-01,44,60,149.7,47.2,10,136.47,417,162,61,29,3066.95,1,3.85,0.129,B
2023-10-02,68,92,130.6,56.8,5,133.88,598,253,95,29,3072.64,13,3.79,0.281,A
2023-10-03,67,109,143.7,51.4,7,127.97,602,247,88,27,2445.49,2,3.95,0.239,C
2023-10-04,80,144,150.2,54.6,6,122.27,592,237,86,30,2728.94,3,3.76,0.279,A
2023-10-05,79,124,134.9,50.3,7,120.58,603,237,96,37,3110.92,11,3.6,0.374,C
2023-10-06,84,181,174.7,47.7,7,132.18,600,236,88,37,3755.44,12,3.58,0.36,B
2023-10-07,57,110,183.6,56.7,11,127.63,405,165,66,27,2727.7,10,3.83,0.161,D
2023-10-08,58,118,157.2,49.3,9,128.82,432,179,67,31,3284.28,5,3.76,0.189,B
2023-10-09,83,153,149.8,55.9,4,117.82,593,228,87,27,2455.69,22,3.79,0.266,D
2023-10-10,78,161,130.6,53.8,9,131.32,582,233,90,39,3695.18,13,3.66,0.367,D
2023-10-11,74,114,173.2,50.1,6,129.11,589,215,90,32,3138.32,12,3.69,0.303,A
2023-10-12,86,107,151.1,52.3,6,121.46,590,238,94,38,3859.36,14,3.73,0.383,C
2023-10-13,77,124,145.7,48.8,8,124.84,601,248,87,28,2199.59,17,3.72,0.267,A
2023-10-14,51,95,157.2,52.1,7,128.72,418,165,63,24,2497.34,11,3.88,0.112,D
2023-10-15,48,84,141.2,49.7,9,127.88,418,186,62,24,2320.7,9,3.92,0.106,C
2023-10-16,81,141,152.2,51.2,3,83.77,610,235,95,41,3548.74,16,3.65,0.398,A
2023-10-17,85,164,128.4,56.4,4,84.88,608,245,86,27,1947.35,4,3.82,0.273,A
2023-10-18,75,133,166.3,52.4,4,84.32,609,243,96,37,3430.61,2,3.68,0.359,B
2023-10-19,86,158,148.4,48.1,4,86.52,612,244,94,32,3449.87,13,3.73,0.341,D
2023-10-20,62,91,167.4,54.2,8,93.32,615,245,86,34,3716.34,8,3.7,0.279,C
2023-10-21,51,70,147.0,52.6,6,73.33,406,164,67,28,2762.44,11,3.89,0.156,A
2023-10-22,55,118,148.0,51.0,9,85.2,425,178,75,34,3790.51,8,3.81,0.229,B
2023-10-23,70,121,131.8,55.6,10,87.49,592,250,94,33,3130.56,13,3.78,0.312,B
2023-10-24,95,151,161.4,51.4,3,88.33,616,246,99,42,4233.08,8,3.49,0.447,B
2023-10-25,76,120,136.9,49.7,5,85.23,617,255,93,40,3700.67,11,3.58,0.375,A
2023-10-26,73,115,142.7,58.4,2,78.56,629,245,86,26,2301.57,4,3.83,0.243,B
2023-10-27,78,122,150.0,52.4,4,89.25,632,261,86,35,3109.05,14,3.56,0.322,D
2023-10-28,39,47,151.8,52.2,5,96.53,438,168,67,28,2060.75,-4,3.89,0.128,B
2023-10-29,47,58,124.4,52.6,3,80.5,432,184,62,22,2454.45,9,3.98,0.08,C
2023-10-30,85,142,146.5,56.2,3,92.79,631,275,90,30,2615.18,5,3.69,0.306,B
2023-10-31,72,114,161.9,50.3,5,87.13,624,248,93,39,3433.77,9,3.63,0.354,B
2023-11-01,71,137,144.3,48.1,3,88.78,631,230,98,32,2699.04,15,3.64,0.316,C
2023-11-02,91,159,146.6,50.6,7,84.14,643,252,89,34,3139.5,15,3.65,0.346,A
2023-11-03,88,154,152.4,56.4,3,88.07,630,264,92,35,3873.6,5,3.64,0.364,A
2023-11-04,64,98,148.1,55.1,11,96.58,455,187,76,31,3605.69,6,3.74,0.233,D
2023-11-05,53,89,134.5,52.5,5,93.34,455,185,63,21,1523.66,0,3.88,0.093,D
2023-11-06,77,137,149.5,56.6,6,99.45,634,263,99,35,3197.27,3,3.65,0.355,C
2023-11-07,74,136,164.9,54.0,3,97.04,655,267,96,37,3174.34,12,3.65,0.352,A
2023-11-08,75,126,134.2,52.5,9,93.72,655,274,101,42,4278.15,14,3.69,0.412,A
2023-11-09,74,142,144.4,52.3,8,100.63,652,270,103,48,4659.57,13,3.52,0.46,A
2023-11-10,76,129,129.3,54.5,6,94.5,646,274,101,32,2827.06,14,3.71,0.33,D
2023-11-11,47,92,164.1,49.3,3,96.84,451,184,72,28,2718.08,7,3.81,0.158,D
2023-11-12,45,69,148.6,52.6,6,91.63,456,192,63,19,1660.23,5,3.92,0.054,B
2023-11-13,84,115,137.2,54.1,3,93.86,668,264,106,43,4606.05,7,3.47,0.458,D
2023-11-14,85,148,151.4,47.4,8,90.46,656,256,94,32,3218.49,11,3.6,0.341,A
2023-11-15,98,178,131.9,52.8,8,99.33,673,286,102,37,3681.51,8,3.54,0.425,B
2023-11-16,77,139,134.5,52.4,6,88.93,659,266,100,35,2570.36,7,3.67,0.359,A
2023-11-17,84,149,128.1,56.7,1,99.18,673,277,103,39,3669.24,13,3.66,0.411,B
2023-11-18,61,99,134.0,47.8,4,94.77,476,192,73,29,3364.93,9,3.71,0.202,D
2023-11-19,62,93,170.4,50.3,7,102.04,501,195,71,29,3118.72,25,3.78,0.193,D
2023-11-20,91,162,139.0,51.6,8,100.4,671,268,94,36,2873.63,7,3.57,0.381,A
2023-11-21,95,168,157.0,55.0,9,106.23,703,295,110,36,3368.71,14,3.58,0.436,A
2023-11-22,87,140,137.5,53.0,3,101.26,693,283,105,42,3668.42,6,3.62,0.451,B
2023-11-23,85,161,161.4,57.3,6,90.23,699,262,111,42,4475.95,11,3.55,0.456,A
2023-11-24,85,131,134.6,55.3,8,98.26,700,278,105,44,4245.74,11,3.55,0.459,B
2023-11-25,50,76,150.6,51.2,2,93.23,496,216,67,22,1883.65,12,3.97,0.105,B
2023-11-26,56,119,150.8,53.2,6,97.01,492,195,79,24,2243.39,6,3.88,0.162,A
2023-11-27,85,158,184.9,49.7,7,107.67,724,271,107,40,3053.08,12,3.54,0.436,A
2023-11-28,79,129,159.5,54.6,6,103.82,708,302,108,46,4000.56,10,3.55,0.466,A
2023-11-29,92,161,141.1,48.9,2,97.66,728,298,106,41,3899.76,7,3.52,0.457,D
2023-11-30,98,169,160.3,49.5,5,96.62,714,285,115,43,4331.83,11,3.54,0.508,B
2023-12-01,82,99,182.1,52.3,5,102.39,723,286,104,35,2737.1,10,3.67,0.382,B
2023-12-02,65,97,125.6,57.4,6,96.68,499,210,73,35,3169.13,10,3.69,0.25,B
2023-12-03,56,95,137.4,46.5,5,99.96,517,201,78,25,2687.1,11,3.84,0.172,C
2023-12-04,90,148,146.4,56.8,5,105.42,750,312,107,38,3130.23,12,3.6,0.427,A
2023-12-05,86,151,143.7,52.4,7,110.2,739,301,112,45,4311.56,12,3.55,0.493,A
2023-12-06,97,183,145.0,47.1,7,108.02,742,299,119,38,3628.55,6,3.59,0.476,C
2023-12-07,85,140,130.4,44.5,5,94.09,736,296,108,46,4857.17,16,3.55,0.482,C
2023-12-08,101,156,171.1,46.9,6,107.64,749,298,114,46,4266.85,12,3.47,0.537,A
2023-12-09,63,112,128.7,53.5,7,107.05,513,216,63,28,2604.55,13,3.88,0.168,B
2023-12-10,59,95,147.0,52.5,3,109.34,523,200,78,32,3250.18,15,3.73,0.229,D
2023-12-11,86,144,165.7,53.6,8,115.93,766,290,113,42,3583.17,12,3.49,0.469,A
2023-12-12,99,163,149.5,50.9,6,98.12,781,319,113,39,3600.78,10,3.4,0.471,A
2023-12-13,106,215,135.3,49.9,6,106.07,800,326,125,48,4389.17,16,3.43,0.596,B
2023-12-14,99,135,129.8,52.3,9,112.57,771,313,114,39,3632.61,17,3.51,0.475,A
2023-12-15,116,192,146.6,52.8,6,157.41,795,322,118,47,4738.71,16,3.46,0.594,C
2023-12-16,81,137,138.6,53.8,6,173.59,552,218,81,34,3423.69,9,3.61,0.308,C
2023-12-17,69,106,153.1,50.0,11,168.95,551,228,73,34,2966.02,13,3.71,0.253,B
2023-12-18,98,181,129.0,56.3,10,172.25,798,319,114,45,4316.09,17,3.53,0.522,C
2023-12-19,105,190,162.2,50.0,10,166.07,798,314,125,51,5301.25,14,3.36,0.611,B
2023-12-20,94,160,151.7,49.8,10,173.9,803,318,110,40,3596.02,6,3.57,0.468,C
2023-12-21,112,186,152.8,50.7,12,176.09,802,341,117,43,4088.14,19,3.46,0.54,A
2023-12-22,105,176,171.6,54.6,12,172.83,797,301,118,47,4363.69,12,3.47,0.557,B
2023-12-23,74,125,143.4,52.4,11,173.76,555,227,92,33,3129.66,12,3.73,0.316,C
2023-12-24,80,135,139.1,51.0,10,174.86,580,215,91,36,2890.46,13,3.72,0.342,B
2023-12-25,115,193,141.8,55.7,6,170.12,821,327,120,42,4388.83,8,3.49,0.554,A
2023-12-26,106,184,147.1,59.1,12,174.62,822,325,130,46,4099.54,16,3.41,0.587,B
2023-12-27,105,191,148.6,53.2,13,175.52,833,312,121,49,4940.65,18,3.41,0.59,C
2023-12-28,119,185,137.5,56.8,12,179.13,845,342,132,53,4882.47,21,3.38,0.683,A
2023-12-29,114,177,119.7,57.1,9,183.14,843,333,120,41,3753.2,18,3.44,0.546,C
2023-12-30,74,99,141.6,51.1,12,173.78,585,213,93,37,3904.49,1,3.65,0.349,C
2023-12-31,79,148,155.4,52.3,12,179.37,607,251,89,32,3337.29,18,3.69,0.311,C
2024-01-01,113,196,152.0,48.6,14,188.34,870,362,125,48,4610.66,19,3.41,0.61,A
2024-01-02,111,196,168.0,51.0,9,178.14,864,360,128,55,5411.46,11,3.31,0.662,D
2024-01-03,99,147,179.3,49.2,10,178.68,873,353,132,52,4899.1,11,3.29,0.635,A
2024-01-04,100,196,161.4,50.7,13,184.73,880,352,130,52,4978.89,16,3.42,0.626,D
2024-01-05,105,169,170.7,49.2,11,188.86,883,367,135,58,5344.56,19,3.36,0.701,C
2024-01-06,71,123,161.5,51.1,9,185.62,620,265,90,31,3231.18,8,3.64,0.288,A
2024-01-07,76,142,175.6,52.8,12,193.14,622,260,96,33,2893.93,15,3.71,0.325,C
2024-01-08,118,186,177.8,50.8,13,191.7,890,347,136,48,5038.3,9,3.44,0.651,B
2024-01-09,110,179,164.3,46.2,12,192.54,878,353,131,49,4518.77,11,3.43,0.626,B
2024-01-10,116,199,160.6,49.7,12,192.02,901,365,133,41,3908.82,7,3.44,0.582,B
2024-01-11,102,216,146.9,48.1,12,201.8,884,336,133,50,4996.46,11,3.35,0.627,C
2024-01-12,111,193,149.4,53.3,14,190.05,894,362,137,50,4718.8,24,3.39,0.649,C
2024-01-13,87,172,144.9,54.3,9,181.97,648,282,107,44,4108.09,23,3.55,0.475,D
2024-01-14,88,167,159.3,52.8,11,200.91,646,265,102,40,3820.74,14,3.59,0.429,A
2024-01-15,112,195,139.2,50.7,12,191.5,930,387,144,52,5211.28,14,3.33,0.691,C
2024-01-16,116,182,147.1,53.4,10,130.33,917,368,153,60,5457.24,16,3.19,0.782,C
2024-01-17,130,236,114.7,52.9,5,136.93,912,364,139,56,5320.51,22,3.3,0.752,C
2024-01-18,113,170,175.8,47.8,5,122.97,925,374,141,50,4729.99,9,3.39,0.67,B
2024-01-19,108,208,146.7,54.9,3,125.31,933,365,143,52,5237.01,13,3.36,0.683,B
2024-01-20,81,141,156.8,54.6,8,124.14,656,253,93,27,2496.28,19,3.75,0.284,C
2024-01-21,84,103,171.9,54.3,5,128.76,669,280,98,32,3588.41,7,3.77,0.345,B
2024-01-22,115,191,154.5,50.4,7,135.51,941,390,139,49,4641.21,14,3.34,0.663,A
2024-01-23,119,212,171.7,55.0,10,136.5,952,371,146,56,5214.1,18,3.36,0.743,B
2024-01-24,105,175,131.4,52.0,7,135.83,942,387,141,49,4593.52,17,3.35,0.643,A
2024-01-25,112,201,186.0,52.7,8,127.96,961,383,145,53,4606.39,14,3.39,0.697,A
2024-01-26,117,187,166.3,50.2,7,124.03,960,388,149,51,4549.3,18,3.39,0.712,A
2024-01-27,84,122,153.1,51.7,10,136.41,668,272,104,40,3611.16,16,3.58,0.42,C
2024-01-28,81,137,171.4,44.2,9,134.33,675,280,100,40,4103.78,22,3.69,0.404,D
2024-01-29,119,202,132.5,52.5,7,139.53,970,389,142,55,5254.3,17,3.33,0.727,B
2024-01-30,121,201,145.7,53.0,8,141.29,973,403,152,57,5283.94,18,3.22,0.774,A
2024-01-31,132,243,171.7,50.2,10,139.0,997,402,153,52,5347.07,27,3.26,0.766,D
2024-02-01,122,194,122.0,59.2,9,142.64,982,399,139,50,5231.99,16,3.42,0.683,A
2024-02-02,124,216,158.4,48.6,6,140.51,985,386,146,54,5491.26,12,3.34,0.74,D
2024-02-03,81,139,158.0,50.4,10,142.54,673,291,102,37,3237.69,13,3.58,0.386,B
2024-02-04,90,130,179.5,48.3,6,136.88,687,280,107,40,3683.42,19,3.56,0.446,A
2024-02-05,128,198,126.3,52.0,11,140.01,995,405,154,64,6578.15,21,3.19,0.846,B
2024-02-06,132,224,174.1,54.4,11,142.39,995,382,151,60,5815.09,19,3.19,0.822,B
2024-02-07,133,255,141.6,57.4,9,146.01,1019,399,156,56,5208.85,13,3.37,0.799,C
2024-02-08,130,230,143.3,50.7,9,140.42,1007,415,151,60,5942.38,19,3.23,0.817,A
2024-02-09,126,189,131.7,51.2,8,145.48,1025,413,150,59,5904.22,25,3.23,0.796,D
2024-02-10,92,110,133.7,49.8,10,142.02,711,265,105,36,3236.29,8,3.67,0.417,C
2024-02-11,98,178,156.1,56.1,8,143.23,713,296,107,44,4287.61,13,3.5,0.5,D
2024-02-12,122,206,133.3,56.7,9,148.43,1021,403,153,57,5695.3,16,3.32,0.774,D
2024-02-13,123,226,161.1,51.6,10,134.77,1025,424,144,49,4345.57,15,3.26,0.7,A
2024-02-14,131,209,140.1,48.8,7,138.7,1046,417,155,60,5721.75,21,3.18,0.828,B
2024-02-15,128,223,131.8,49.5,7,138.21,1008,405,152,58,5209.17,21,3.29,0.795,D
2024-02-16,118,213,142.1,53.4,6,134.38,1015,418,151,56,5036.73,20,3.36,0.753,B
2024-02-17,89,145,155.1,53.9,6,143.08,721,279,107,40,3646.13,8,3.54,0.445,A
2024-02-18,89,146,145.8,46.5,5,150.64,728,281,112,39,3860.78,5,3.52,0.45,A
2024-02-19,113,193,150.5,51.5,10,145.87,1050,418,152,60,5561.14,18,3.28,0.776,A
2024-02-20,131,230,160.4,56.8,13,148.69,1051,429,149,57,5197.21,17,3.23,0.786,D
2024-02-21,130,221,166.2,51.0,12,153.54,1045,405,155,59,5653.54,29,3.21,0.818,B
2024-02-22,129,234,145.3,57.2,6,155.11,1062,408,163,63,5659.77,29,3.22,0.867,C
2024-02-23,144,238,134.3,55.2,10,148.5,1065,434,168,59,5733.2,32,3.14,0.885,D
2024-02-24,85,125,151.1,49.2,12,155.98,742,291,115,39,4066.76,8,3.47,0.45,A
2024-02-25,88,179,157.1,51.3,8,150.03,751,297,105,32,2978.56,16,3.6,0.37,C
2024-02-26,111,180,128.1,53.2,9,145.74,1065,407,159,61,5767.63,21,3.23,0.799,A
2024-02-27,126,205,136.6,50.3,5,147.29,1059,417,160,55,5364.07,23,3.16,0.79,A
2024-02-28,130,220,139.2,50.1,9,143.19,1074,429,162,62,5245.14,18,3.16,0.857,A
2024-02-29,128,218,146.9,57.2,7,146.47,1070,437,163,63,6143.02,26,3.11,0.865,B
2024-03-01,144,240,138.6,50.1,14,225.05,1071,421,156,62,6804.94,22,3.25,0.872,B
2024-03-02,104,177,160.6,55.2,11,231.32,766,323,115,39,3673.32,16,3.65,0.49,B
2024-03-03,96,162,125.9,52.4,15,236.34,728,284,111,42,3949.58,7,3.49,0.485,A
2024-03-04,132,228,126.3,53.6,15,221.26,1063,418,164,68,6730.44,23,3.12,0.92,A
2024-03-05,142,207,145.0,54.4,12,230.54,1068,442,156,66,6728.34,20,3.09,0.9,C
2024-03-06,135,257,147.4,50.8,11,223.78,1078,433,160,65,6473.91,23,3.13,0.886,A
2024-03-07,128,215,128.2,55.3,10,231.74,1081,427,149,58,4830.3,20,3.35,0.784,D
2024-03-08,121,215,140.9,46.8,13,229.08,1070,426,157,55,5427.44,19,3.24,0.777,D
2024-03-09,93,137,144.0,54.1,12,220.93,751,314,110,44,4961.49,14,3.51,0.492,C
2024-03-10,102,166,144.1,45.4,11,235.07,753,316,108,40,4028.91,19,3.5,0.475,B
2024-03-11,159,261,152.3,51.7,15,227.73,1114,438,168,66,5946.49,23,3.13,0.974,C
2024-03-12,140,260,140.1,55.6,13,228.39,1109,443,166,61,5860.69,14,3.0,0.887,C
2024-03-13,130,213,172.2,53.3,11,226.01,1088,436,152,57,5006.71,22,3.23,0.788,D
2024-03-14,128,228,157.3,48.2,13,228.37,1090,426,165,63,6339.32,15,3.16,0.867,D
2024-03-15,143,233,137.9,49.6,16,234.04,1084,433,158,61,5498.79,15,3.14,0.867,B
2024-03-16,83,135,151.4,50.4,15,231.2,748,299,115,45,4278.69,7,3.57,0.489,C
2024-03-17,103,172,151.9,53.0,14,234.03,767,318,109,39,3461.58,17,3.62,0.474,D
2024-03-18,145,265,168.2,45.5,15,234.41,1088,447,163,57,5263.39,21,3.12,0.86,A
2024-03-19,141,212,141.0,52.9,12,239.41,1099,436,163,68,6897.61,11,3.21,0.934,B
2024-03-20,135,210,161.5,52.9,14,231.28,1084,432,164,72,6834.54,18,3.0,0.954,C
2024-03-21,143,213,150.6,51.6,14,225.78,1093,444,165,64,5881.69,27,3.2,0.907,C
2024-03-22,140,222,172.4,53.0,13,238.65,1103,435,164,57,5036.06,19,3.21,0.846,B
2024-03-23,94,148,169.4,52.2,15,231.8,775,316,109,38,3037.57,13,3.56,0.442,A
2024-03-24,114,170,153.0,50.7,13,239.15,776,310,109,44,3767.57,22,3.47,0.531,A
2024-03-25,136,220,146.1,46.9,15,235.6,1090,426,161,66,6301.19,24,3.13,0.899,B
2024-03-26,147,220,157.6,52.5,15,233.12,1113,435,167,58,5798.63,27,3.18,0.883,D
2024-03-27,116,183,147.3,49.8,8,235.6,1096,453,161,60,5498.23,4,3.18,0.809,D
2024-03-28,152,276,175.2,49.5,17,243.67,1111,443,170,66,6715.57,31,3.07,0.96,B
2024-03-29,149,259,151.2,53.9,9,244.34,1105,458,164,66,6068.04,25,3.07,0.938,A
2024-03-30,98,169,143.9,57.1,13,234.33,760,299,109,40,3747.86,27,3.5,0.47,C
2024-03-31,105,163,143.1,52.7,16,234.8,770,311,114,37,3188.2,12,3.52,0.477,C
2024-04-01,144,222,131.8,55.1,14,239.38,1109,467,167,66,6522.67,13,3.05,0.937,B
2024-04-02,134,210,158.3,47.7,11,229.75,1111,434,168,68,7050.95,20,3.08,0.931,B
2024-04-03,143,242,137.7,53.9,12,235.6,1103,422,175,66,5714.93,20,3.12,0.953,A
2024-04-04,136,244,166.5,51.5,16,233.76,1120,461,165,64,5987.72,24,3.15,0.896,C
2024-04-05,134,241,130.6,57.2,10,235.39,1114,437,167,61,6202.56,25,3.27,0.875,C
2024-04-06,109,196,151.9,50.8,16,229.57,770,308,118,42,3527.5,16,3.39,0.53,B
2024-04-07,108,173,167.3,50.9,13,225.69,780,306,117,48,4773.5,15,3.47,0.577,D
2024-04-08,134,229,117.7,57.3,11,223.16,1122,452,166,64,6461.93,23,3.15,0.894,C
2024-04-09,135,225,180.3,50.7,13,227.8,1122,439,161,63,5973.67,19,3.21,0.871,D
2024-04-10,131,220,143.6,49.5,12,230.95,1089,434,161,67,6501.85,18,3.17,0.895,B
2024-04-11,145,276,152.1,60.0,16,231.61,1091,441,158,57,5917.44,27,3.21,0.837,B
2024-04-12,134,201,158.6,48.8,16,242.59,1115,436,159,57,6028.88,26,3.23,0.821,D
2024-04-13,99,165,160.9,51.8,11,238.23,759,296,110,42,4006.94,20,3.49,0.492,D
2024-04-14,103,193,154.1,53.3,13,227.68,755,299,108,39,3586.16,15,3.59,0.471,D
2024-04-15,136,210,165.0,52.6,12,234.01,1092,422,167,66,5963.89,10,3.03,0.914,D
2024-04-16,146,238,157.8,51.5,12,152.65,1100,436,168,63,6260.54,21,3.17,0.917,B
2024-04-17,132,217,176.4,50.6,6,153.09,1093,439,159,56,4925.97,16,3.23,0.81,A
2024-04-18,135,226,157.8,51.4,13,155.26,1087,431,162,61,5755.32,20,3.15,0.866,B
2024-04-19,127,192,179.5,47.7,9,157.24,1085,431,153,58,5563.46,16,3.23,0.795,D
2024-04-20,102,183,163.5,58.3,7,152.24,756,302,111,46,4240.78,15,3.49,0.529,B
2024-04-21,88,160,122.9,53.2,8,159.05,753,295,115,45,4361.88,8,3.58,0.503,C
2024-04-22,140,245,189.2,52.3,7,147.8,1110,451,171,66,7084.17,15,3.26,0.939,D
2024-04-23,133,214,141.4,51.9,7,153.31,1089,450,160,61,5802.48,26,3.24,0.857,D
2024-04-24,128,219,172.4,50.3,10,166.02,1093,432,169,63,5838.57,14,3.13,0.879,D
2024-04-25,128,204,150.4,51.1,7,153.9,1077,436,154,55,5540.69,19,3.3,0.776,B
2024-04-26,143,238,165.9,47.1,5,159.69,1078,429,156,60,5805.93,26,3.21,0.858,B
2024-04-27,96,195,139.7,52.5,8,152.71,748,303,116,43,4522.7,19,3.47,0.505,D
2024-04-28,82,141,159.4,50.8,6,154.87,727,306,117,51,4862.9,16,3.4,0.542,A
2024-04-29,134,209,146.2,56.2,8,151.4,1061,429,162,66,6204.78,22,3.14,0.897,A
2024-04-30,129,222,173.7,47.7,7,150.53,1054,404,158,62,5377.99,23,3.22,0.847,D
2024-05-01,157,246,156.6,50.4,7,147.18,1048,424,146,58,4986.09,30,3.12,0.846,C
2024-05-02,136,212,164.0,49.1,13,152.91,1056,435,148,56,4749.67,22,3.22,0.785,B
2024-05-03,131,207,117.5,58.5,9,146.17,1079,429,162,56,5429.52,10,3.27,0.816,A
2024-05-04,105,173,148.7,50.0,10,153.42,744,307,110,41,3487.17,13,3.53,0.497,B
2024-05-05,79,148,156.2,53.9,6,155.18,755,295,108,41,4280.19,15,3.66,0.432,D
2024-05-06,132,233,153.4,55.2,8,151.23,1062,410,160,61,5848.74,17,3.12,0.853,C
2024-05-07,148,260,164.4,51.3,9,147.6,1063,427,160,63,5922.05,30,3.26,0.904,B
2024-05-08,128,201,144.5,48.6,7,150.93,1044,400,161,64,5842.65,19,3.08,0.869,B
2024-05-09,118,193,150.7,48.4,11,146.74,1056,420,159,57,5577.15,18,3.15,0.781,D
2024-05-10,127,220,167.7,54.2,7,152.57,1055,435,164,59,5381.82,25,3.2,0.836,D
2024-05-11,103,165,115.8,50.4,8,138.34,726,271,109,47,4189.31,14,3.42,0.539,B
2024-05-12,95,157,158.8,53.2,8,145.42,735,281,110,45,4594.7,15,3.52,0.502,C
2024-05-13,123,216,145.0,53.1,9,136.73,1045,408,162,59,5754.74,23,3.21,0.823,A
2024-05-14,122,202,136.3,54.3,7,138.79,1031,412,150,56,5249.11,11,3.27,0.761,B
2024-05-15,122,212,155.0,53.7,9,152.66,1022,405,167,62,6119.37,17,3.14,0.857,A
2024-05-16,129,244,168.4,48.8,9,149.88,1018,421,155,59,5617.85,24,3.24,0.814,B
2024-05-17,138,231,165.6,48.8,7,141.36,1028,421,156,61,5922.57,21,3.17,0.854,B
2024-05-18,99,187,148.0,54.7,9,137.0,720,293,111,53,4750.12,22,3.49,0.578,B
2024-05-19,93,166,163.1,50.0,8,129.23,706,284,115,44,4842.88,6,3.5,0.507,A
2024-05-20,116,174,163.0,43.6,8,140.87,1017,411,157,61,5615.05,9,3.17,0.802,A
2024-05-21,116,181,148.7,54.5,8,155.22,1019,399,145,48,4986.56,21,3.29,0.671,A
2024-05-22,131,211,139.6,49.9,10,144.81,1017,415,159,58,5462.91,24,3.21,0.825,C
2024-05-23,116,184,140.5,54.4,8,139.35,1022,398,152,62,6101.61,16,3.17,0.799,A
2024-05-24,124,210,162.6,56.1,8,143.98,1016,415,153,59,5857.61,21,3.17,0.8,A
2024-05-25,89,161,149.4,52.6,8,133.36,690,288,97,20,2210.47,17,3.81,0.258,D
2024-05-26,82,159,134.3,56.3,12,139.17,714,288,110,44,3955.95,8,3.46,0.469,A
2024-05-27,113,197,124.7,54.2,6,140.64,987,393,145,62,6242.21,13,3.32,0.778,D
2024-05-28,124,204,162.5,56.6,10,139.2,999,404,150,49,5185.31,20,3.35,0.713,C
2024-05-29,125,181,141.8,49.7,5,143.06,986,366,146,61,5713.88,23,3.23,0.794,C
2024-05-30,130,222,155.0,52.2,9,140.3,977,394,156,48,4574.86,14,3.27,0.733,B
2024-05-31,126,214,168.6,53.6,12,141.39,960,383,154,62,5722.86,18,3.24,0.828,A
2024-06-01,87,150,130.4,52.9,9,134.06,680,272,102,39,3577.72,12,3.6,0.415,D
2024-06-02,78,164,149.3,56.0,9,141.45,664,272,100,29,3252.5,14,3.69,0.311,D
2024-06-03,112,210,147.4,51.3,8,144.56,976,390,145,57,5071.78,17,3.31,0.73,B
2024-06-04,117,211,155.7,58.4,8,131.01,978,380,152,62,5614.69,15,3.14,0.805,C
2024-06-05,121,191,168.6,57.9,7,130.86,950,379,141,55,5670.43,24,3.24,0.722,B
2024-06-06,121,198,130.1,54.3,7,141.42,957,384,142,56,5490.94,15,3.24,0.734,D
2024-06-07,100,169,158.5,53.7,7,133.21,943,378,146,53,5666.69,14,3.37,0.675,D
2024-06-08,77,119,165.5,55.3,9,140.62,656,264,96,28,2566.71,4,3.74,0.293,A
2024-06-09,93,165,147.2,49.1,6,130.81,667,277,100,41,3936.96,10,3.63,0.441,D
2024-06-10,117,203,147.9,48.7,7,139.72,938,364,133,58,5267.44,20,3.26,0.713,D
2024-06-11,105,163,156.3,56.0,5,132.52,951,382,146,59,5643.96,17,3.32,0.734,C
2024-06-12,134,246,155.2,53.1,9,132.56,925,383,148,49,4116.21,23,3.32,0.727,A
2024-06-13,117,200,158.7,51.4,9,138.51,936,357,144,48,4796.32,20,3.32,0.67,D
2024-06-14,118,174,158.4,52.1,8,128.28,922,371,146,51,4950.6,28,3.36,0.702,C
2024-06-15,86,145,135.3,46.1,9,124.79,650,254,93,29,2754.74,9,3.71,0.31,B
2024-06-16,77,135,164.9,51.2,8,126.65,635,250,96,37,3361.2,3,3.62,0.359,D
2024-06-17,107,197,167.5,49.4,9,130.55,908,354,132,52,4628.95,11,3.39,0.639,B
2024-06-18,129,215,152.8,55.1,8,119.86,903,360,134,46,4550.04,16,3.39,0.654,D
2024-06-19,119,214,127.6,56.6,8,130.27,892,375,138,56,4927.67,13,3.31,0.713,C
2024-06-20,118,203,148.3,54.3,6,123.78,902,348,136,54,5286.59,18,3.31,0.698,A
2024-06-21,119,182,152.9,53.5,12,131.6,898,348,128,46,5003.44,24,3.36,0.618,D
2024-06-22,70,98,132.8,48.9,6,113.28,627,238,87,32,3474.71,18,3.73,0.287,B
2024-06-23,89,168,144.6,54.5,6,120.7,633,271,88,26,2056.79,16,3.71,0.282,B
2024-06-24,104,195,128.9,55.4,8,115.59,893,353,136,50,4619.11,26,3.34,0.64,B
2024-06-25,111,193,159.1,55.8,8,119.27,870,348,141,53,5179.52,15,3.34,0.686,A
2024-06-26,94,182,152.5,58.7,5,124.02,873,345,138,53,4972.25,6,3.43,0.635,C
2024-06-27,92,171,125.3,48.7,10,121.27,859,334,119,47,4019.55,19,3.49,0.535,B
2024-06-28,109,196,155.3,51.1,7,120.28,861,342,136,53,5112.78,7,3.33,0.671,D
2024-06-29,67,101,149.2,50.3,5,120.13,594,262,94,34,3204.11,6,3.67,0.31,D
2024-06-30,62,132,157.7,52.6,10,121.33,613,259,84,33,3733.21,12,3.77,0.266,C
2024-07-01,111,196,144.1,52.8,8,114.65,851,332,126,52,4873.37,16,3.26,0.64,A
2024-07-02,120,199,138.0,52.4,5,122.6,841,343,132,50,5069.55,17,3.42,0.653,C
2024-07-03,119,192,138.4,56.2,11,121.76,851,332,130,51,4440.49,12,3.28,0.657,A
2024-07-04,100,173,141.9,49.6,9,119.76,813,307,115,43,3787.25,15,3.44,0.513,D
2024-07-05,101,146,150.3,49.4,7,120.0,810,334,125,44,4390.97,20,3.45,0.549,B
2024-07-06,83,151,152.2,49.3,10,118.08,586,246,77,32,3378.17,12,3.83,0.285,D
2024-07-07,82,125,147.1,51.6,8,126.16,576,241,85,30,2573.61,8,3.81,0.29,B
2024-07-08,99,174,143.7,49.1,7,114.93,820,323,129,50,4761.7,9,3.45,0.603,A
2024-07-09,99,160,144.7,52.6,5,113.22,800,318,120,45,3891.88,11,3.5,0.543,D
2024-07-10,103,172,187.6,50.1,8,110.37,808,331,119,44,4104.43,17,3.4,0.538,B
2024-07-11,107,171,138.4,50.7,7,108.37,824,334,128,47,4709.15,18,3.44,0.596,D
2024-07-12,99,166,141.6,55.5,6,106.7,808,319,126,45,4184.4,11,3.44,0.56,D
2024-07-13,69,145,199.4,49.9,5,107.87,559,207,90,28,2578.77,-1,3.72,0.258,B
2024-07-14,80,158,156.3,55.4,7,111.36,549,221,87,35,2991.88,14,3.69,0.332,B
2024-07-15,107,187,129.3,52.9,7,112.78,783,324,123,48,4334.36,12,3.42,0.586,B
2024-07-16,97,165,162.6,51.8,4,110.76,761,293,118,48,5083.19,18,3.51,0.554,D
2024-07-17,109,198,136.3,51.5,3,106.08,781,319,118,43,4136.66,13,3.39,0.549,D
2024-07-18,95,178,163.6,51.8,8,113.82,783,316,118,52,4677.1,9,3.43,0.581,B
2024-07-19,104,165,146.8,54.8,2,112.43,754,309,112,41,3797.59,16,3.49,0.503,C
2024-07-20,71,120,143.4,51.6,7,107.34,530,221,73,25,1856.13,22,3.81,0.188,A
2024-07-21,91,128,174.1,52.8,5,104.29,522,202,73,24,2004.86,17,3.81,0.233,C
2024-07-22,85,161,158.5,49.6,9,109.72,748,283,111,35,3739.54,13,3.57,0.404,D
2024-07-23,88,180,164.6,54.0,5,107.34,754,296,114,50,4683.65,15,3.48,0.541,D
2024-07-24,94,162,156.5,50.4,7,98.59,729,300,117,50,5269.87,5,3.45,0.555,B
2024-07-25,96,132,143.3,55.4,6,104.92,752,295,113,44,4192.09,9,3.48,0.508,B
2024-07-26,109,194,159.2,52.2,7,106.01,749,293,117,41,3920.73,4,3.48,0.526,A
2024-07-27,60,89,168.1,56.2,7,99.64,514,187,82,38,3791.01,18,3.7,0.294,A
2024-07-28,69,107,152.0,48.9,5,104.54,489,213,72,26,1666.63,18,3.78,0.191,B
2024-07-29,100,179,177.0,46.7,8,95.76,720,296,111,41,3987.99,17,3.53,0.488,D
2024-07-30,97,168,162.8,50.0,5,109.18,738,303,110,47,4492.4,15,3.48,0.518,B
2024-07-31,79,127,153.2,48.2,7,108.2,694,287,111,44,4621.18,4,3.52,0.462,B
2024-08-01,101,162,153.8,48.2,8,100.16,715,292,110,51,5104.89,14,3.53,0.563,C
2024-08-02,98,168,152.1,54.3,7,102.71,703,279,99,39,3381.89,24,3.61,0.438,A
2024-08-03,70,113,131.2,53.4,9,88.32,506,201,77,28,2985.49,11,3.77,0.222,A
2024-08-04,62,89,148.6,51.1,4,94.07,488,191,81,28,2568.13,7,3.8,0.218,D
2024-08-05,88,145,153.3,51.2,3,97.88,708,309,105,32,2802.18,4,3.6,0.379,A
2024-08-06,86,151,143.8,51.0,4,93.48,706,288,108,40,3834.77,20,3.56,0.435,B
2024-08-07,95,158,155.1,57.2,7,101.91,715,281,110,46,4331.28,14,3.49,0.514,B
2024-08-08,87,127,150.3,50.3,7,107.84,691,281,98,39,4203.92,4,3.54,0.409,A
2024-08-09,79,150,161.6,48.0,6,91.48,693,267,107,40,3937.5,7,3.61,0.421,A
2024-08-10,49,42,159.9,54.4,3,92.7,466,201,63,19,1854.44,1,3.92,0.067,A
2024-08-11,56,89,152.5,51.7,7,97.59,490,189,70,27,2865.75,8,3.81,0.173,B
2024-08-12,84,134,129.5,59.6,4,104.01,672,274,106,44,4498.03,14,3.53,0.461,D
2024-08-13,84,145,176.9,49.6,8,89.38,671,279,102,40,4079.59,10,3.74,0.426,B
2024-08-14,88,158,147.9,55.1,11,96.29,673,273,99,39,4096.1,17,3.58,0.408,B
2024-08-15,86,163,148.8,55.8,7,103.71,654,263,100,35,3527.99,13,3.54,0.383,B
2024-08-16,78,123,144.9,51.2,6,85.9,669,268,100,41,3940.98,17,3.52,0.407,D
2024-08-17,71,129,142.7,50.6,4,87.33,474,189,71,15,1795.39,9,3.96,0.109,A
2024-08-18,55,96,173.2,53.6,2,91.2,466,180,73,29,2731.82,23,3.88,0.188,D
2024-08-19,76,103,170.8,53.2,4,90.3,642,252,93,45,4264.38,9,3.55,0.413,B
2024-08-20,84,172,156.7,47.9,4,96.56,654,276,98,32,3537.61,8,3.74,0.345,D
2024-08-21,66,90,148.4,49.2,3,93.31,660,263,97,35,3805.47,5,3.72,0.323,B
2024-08-22,74,131,159.3,44.4,8,82.84,631,244,87,33,3127.09,10,3.7,0.299,A
2024-08-23,87,154,151.1,54.2,6,93.91,636,249,91,33,3001.35,4,3.67,0.344,B
2024-08-24,44,79,147.1,51.9,6,88.08,460,195,77,33,3537.73,8,3.8,0.201,A
2024-08-25,66,104,155.1,51.8,5,96.98,452,188,70,28,2936.07,0,3.86,0.194,C
2024-08-26,92,168,143.4,47.8,5,87.11,643,263,90,35,3461.35,15,3.67,0.368,C
2024-08-27,79,111,153.8,49.0,7,86.72,655,260,91,37,3430.84,5,3.62,0.353,C
2024-08-28,82,138,153.1,50.9,5,92.28,639,261,95,36,3537.21,10,3.64,0.365,A
2024-08-29,89,143,159.0,50.0,7,93.06,639,249,104,52,4918.18,16,3.57,0.527,C
2024-08-30,78,122,140.7,53.3,5,91.17,657,260,98,37,3335.47,23,3.66,0.369,B
2024-08-31,61,111,160.7,53.7,4,80.19,437,185,72,28,2721.85,4,3.86,0.193,D
2024-09-01,49,99,136.4,60.0,5,135.17,430,181,66,18,1821.04,7,3.97,0.071,C
2024-09-02,73,120,141.4,52.9,4,126.87,628,241,97,34,3117.61,7,3.7,0.335,B
2024-09-03,72,135,142.1,56.2,7,132.8,626,242,87,38,3863.25,7,3.68,0.334,D
2024-09-04,80,137,133.9,50.8,8,124.1,614,247,97,31,3359.86,8,3.74,0.325,B
2024-09-05,85,131,165.2,46.7,5,133.06,607,260,89,25,2693.86,17,3.79,0.268,B
2024-09-06,79,130,135.5,52.2,8,126.42,639,236,100,38,3508.23,9,3.64,0.385,A
2024-09-07,46,73,139.5,48.2,8,123.68,433,176,61,28,2911.98,18,3.83,0.125,C
2024-09-08,44,64,168.8,51.6,4,133.31,422,155,64,24,2292.88,9,3.92,0.094,B
2024-09-09,81,143,141.4,50.6,6,130.62,620,242,95,35,2926.11,7,3.66,0.351,A
2024-09-10,92,160,147.2,46.8,8,126.02,609,240,91,27,2808.62,12,3.7,0.308,D
2024-09-11,80,113,134.8,58.5,9,136.04,606,238,93,37,3517.6,8,3.8,0.357,A
2024-09-12,73,99,162.5,50.3,5,126.3,612,240,91,36,4228.4,15,3.6,0.334,C
2024-09-13,81,144,162.7,47.0,8,128.39,593,237,86,26,2882.4,4,3.81,0.256,A
2024-09-14,54,80,161.1,54.6,10,129.32,427,165,72,31,3190.52,1,3.76,0.202,B
2024-09-15,54,97,158.1,49.9,9,124.63,441,162,71,30,2925.84,5,3.81,0.191,D
2024-09-16,69,129,151.1,55.7,8,129.86,607,251,87,38,3624.13,14,3.82,0.32,A
2024-09-17,86,128,142.1,50.7,7,124.63,597,246,92,37,3236.72,19,3.59,0.375,C
2024-09-18,54,71,137.8,51.5,6,125.04,595,246,86,34,2706.34,15,3.71,0.26,C
2024-09-19,82,165,169.3,52.6,9,133.74,595,223,83,35,3021.49,15,3.69,0.32,D
2024-09-20,72,127,161.5,53.7,8,121.56,596,241,95,39,3701.81,10,3.6,0.363,A
2024-09-21,51,80,139.6,55.3,8,114.55,415,173,54,13,613.77,12,4.06,0.002,C
2024-09-22,69,103,150.6,52.2,8,134.53,427,161,69,20,1747.47,5,3.85,0.138,B
2024-09-23,69,109,145.5,54.3,10,139.11,579,232,86,29,2701.41,1,3.79,0.258,B
2024-09-24,71,103,133.1,55.6,8,124.24,605,241,90,33,3062.94,13,3.65,0.302,B
2024-09-25,74,140,152.7,53.0,9,116.5,592,255,91,36,3235.08,6,3.59,0.335,B
2024-09-26,80,124,143.8,52.4,9,124.56,599,259,93,36,3342.29,12,3.65,0.354,B
2024-09-27,69,135,135.7,48.9,6,124.63,584,217,83,36,3972.66,11,3.62,0.301,A
2024-09-28,41,64,127.8,55.4,4,125.07,430,197,68,30,3019.17,7,3.92,0.147,B
2024-09-29,50,69,126.5,53.8,10,120.44,429,162,65,21,1789.57,12,3.85,0.085,C
2024-09-30,87,141,144.4,51.5,8,128.9,605,252,84,33,3145.39,17,3.64,0.325,B
2024-10-01,72,84,148.7,56.4,4,128.64,580,242,86,28,2692.24,12,3.79,0.258,A
2024-10-02,79,132,136.9,48.9,6,118.57,603,231,97,36,3188.89,10,3.62,0.364,B
2024-10-03,75,124,159.8,56.9,9,129.58,599,245,98,38,3395.81,12,3.57,0.375,B
2024-10-04,68,128,149.0,52.5,8,136.41,580,231,91,21,2261.45,7,3.93,0.199,C
2024-10-05,67,85,158.7,53.0,7,127.08,417,172,57,31,2834.03,9,3.76,0.19,D
2024-10-06,54,110,147.3,51.5,10,124.63,421,171,66,27,2277.11,21,3.84,0.153,B
2024-10-07,71,134,138.2,48.1,5,125.71,603,253,95,33,3161.61,12,3.68,0.316,C
2024-10-08,84,161,151.7,52.0,6,129.62,599,240,94,44,4183.95,15,3.62,0.422,A
2024-10-09,70,118,131.1,54.5,8,118.03,601,239,94,34,2629.79,7,3.72,0.317,D
2024-10-10,73,139,158.1,54.1,8,127.66,614,256,94,36,3424.36,16,3.63,0.343,B
2024-10-11,78,110,135.9,52.6,8,125.06,612,251,91,32,3325.01,15,3.69,0.313,B
2024-10-12,52,99,163.8,45.2,10,136.44,392,164,56,28,2804.35,12,3.85,0.125,A
2024-10-13,56,84,144.9,48.1,8,126.53,418,161,53,20,2557.66,10,3.97,0.064,A
2024-10-14,93,134,165.9,57.9,9,135.96,601,230,92,35,3740.71,19,3.59,0.375,C
2024-10-15,76,113,133.2,50.1,7,122.33,586,229,89,38,4061.68,18,3.75,0.352,A
2024-10-16,56,96,139.8,57.3,5,88.34,606,236,94,37,4359.07,10,3.66,0.311,A
2024-10-17,80,123,155.7,49.4,5,87.17,619,255,86,32,3303.45,11,3.71,0.307,A
2024-10-18,75,132,167.6,51.1,5,81.42,597,248,93,40,3805.25,16,3.58,0.367,D
2024-10-19,55,67,175.0,53.1,7,86.85,430,170,75,38,3867.82,4,3.67,0.262,C
2024-10-20,55,62,150.6,50.0,7,92.23,418,182,63,25,2169.56,5,3.83,0.124,D
2024-10-21,75,148,177.6,55.9,5,84.76,605,256,90,35,3365.91,11,3.64,0.325,D
2024-10-22,77,144,145.7,52.9,3,78.15,628,254,96,37,3328.16,3,3.63,0.359,D
2024-10-23,81,122,166.5,53.1,5,86.76,610,236,102,43,4227.14,16,3.53,0.435,B
2024-10-24,73,124,135.9,52.4,5,82.58,622,264,88,31,2741.1,6,3.77,0.286,A
2024-10-25,67,129,156.3,54.2,6,85.64,600,239,91,33,2960.49,8,3.68,0.297,B
2024-10-26,83,148,114.9,59.0,10,87.21,453,182,64,19,1947.66,11,3.84,0.149,A
2024-10-27,49,86,133.2,52.9,4,79.36,442,173,64,19,1784.36,8,3.92,0.071,C
2024-10-28,78,150,157.0,57.3,6,80.1,623,240,93,34,2606.94,10,3.74,0.332,A
2024-10-29,68,104,130.3,51.6,8,90.88,632,238,102,37,3118.08,10,3.66,0.359,A
2024-10-30,77,132,156.4,54.5,5,86.16,615,252,101,45,3944.13,11,3.56,0.44,C
2024-10-31,74,126,163.6,53.3,9,76.26,643,249,99,39,3458.94,9,3.56,0.378,A
2024-11-01,74,123,142.5,49.7,5,93.33,630,283,93,31,3090.36,7,3.66,0.301,A
2024-11-02,65,104,135.5,53.9,6,91.1,443,166,79,27,2609.92,15,3.74,0.21,A
2024-11-03,59,101,142.9,52.9,4,86.51,442,164,64,30,3165.27,-2,3.89,0.179,C
2024-11-04,83,141,135.5,50.7,4,83.84,635,259,92,40,3993.33,11,3.65,0.385,A
2024-11-05,67,98,148.5,53.6,6,94.96,650,275,89,33,3465.38,8,3.68,0.291,A
2024-11-06,96,175,151.5,52.9,7,92.9,648,260,104,38,3812.72,17,3.56,0.436,A
2024-11-07,72,109,145.4,52.5,7,103.44,655,268,103,43,4123.53,4,3.55,0.419,C
2024-11-08,94,157,175.1,51.0,8,94.01,651,242,110,38,3899.61,12,3.54,0.447,A
2024-11-09,66,109,139.2,52.8,5,94.24,463,178,62,26,2708.14,9,3.87,0.158,A
2024-11-10,62,110,170.9,50.4,5,91.87,455,171,76,38,3699.92,15,3.7,0.275,D
2024-11-11,81,105,134.4,53.7,11,97.19,682,254,103,39,4071.53,14,3.72,0.408,D
2024-11-12,82,153,151.1,50.5,7,96.65,647,260,101,35,2652.05,6,3.71,0.376,A
2024-11-13,80,126,167.7,59.6,5,100.21,678,249,93,37,3415.53,10,3.73,0.36,A
2024-11-14,84,161,167.0,47.4,4,91.77,682,260,110,40,3682.83,17,3.61,0.439,A
2024-11-15,79,128,143.7,51.1,4,92.64,663,260,103,33,3496.96,6,3.64,0.36,C
2024-11-16,47,79,158.3,50.6,7,92.87,495,190,74,30,3348.11,7,3.84,0.184,A
2024-11-17,70,147,156.3,58.3,5,99.67,485,198,76,34,2793.58,10,3.73,0.266,D
2024-11-18,86,141,141.9,48.9,6,103.67,691,279,100,37,3892.56,11,3.71,0.389,D
2024-11-19,81,156,159.2,53.3,6,94.36,685,283,100,37,3121.9,26,3.66,0.376,B
2024-11-20,81,139,177.9,51.8,7,95.0,686,282,101,34,2899.6,10,3.67,0.364,A
2024-11-21,88,155,157.1,53.1,4,99.18,689,287,94,35,3297.67,15,3.66,0.369,D
2024-11-22,79,135,158.5,55.8,4,96.87,699,279,109,39,3574.73,8,3.69,0.415,C
2024-11-23,46,90,160.1,55.6,7,103.35,503,204,81,26,2025.9,9,3.77,0.167,C
2024-11-24,66,101,128.1,52.2,6,87.83,493,202,70,34,3449.5,14,3.85,0.245,A
2024-11-25,91,140,156.9,52.7,6,95.47,696,280,106,42,4177.76,11,3.55,0.458,C
2024-11-26,87,138,134.7,47.7,4,96.2,717,283,106,42,4328.88,13,3.49,0.455,D
2024-11-27,81,139,141.2,53.2,7,89.03,722,285,110,45,4125.16,8,3.5,0.473,D
2024-11-28,90,149,182.4,48.5,4,96.34,723,281,105,43,4066.33,8,3.47,0.462,B
2024-11-29,78,143,146.2,52.1,5,97.11,728,295,105,38,3588.84,17,3.65,0.397,B
2024-11-30,54,112,138.9,48.0,4,101.22,504,201,81,32,3512.14,5,3.72,0.229,B
2024-12-01,59,85,167.3,52.9,9,108.33,500,193,75,27,1693.29,-3,3.83,0.183,C
2024-12-02,97,154,135.8,48.1,7,102.09,723,283,119,46,4115.34,23,3.53,0.54,D
2024-12-03,87,126,143.3,53.3,7,98.71,719,276,108,42,3966.98,9,3.53,0.453,B
2024-12-04,90,183,168.7,47.9,9,104.14,742,307,107,39,3423.76,12,3.57,0.438,A
2024-12-05,111,193,150.6,49.9,12,110.23,743,298,118,40,3692.83,25,3.45,0.515,A
2024-12-06,93,166,126.6,57.1,3,100.67,743,289,115,44,4144.52,13,3.5,0.508,C
2024-12-07,65,90,158.2,53.9,5,101.56,497,207,78,28,2493.22,9,3.92,0.218,D
2024-12-08,62,105,144.1,56.2,5,109.48,517,201,83,24,2274.37,3,3.87,0.19,A
2024-12-09,90,161,173.1,56.0,5,106.16,771,294,112,45,4423.79,5,3.52,0.492,B
2024-12-10,76,125,140.9,50.6,5,111.09,757,313,113,46,4288.86,11,3.51,0.472,D
2024-12-11,103,192,165.8,56.2,6,108.37,772,303,115,54,5009.4,17,3.41,0.608,B
2024-12-12,97,199,176.6,46.8,4,112.53,758,299,107,40,3747.62,16,3.56,0.465,A
2024-12-13,97,151,137.2,55.4,7,104.44,791,317,117,42,3979.58,12,3.51,0.503,B
2024-12-14,68,100,147.1,51.2,7,110.15,545,229,88,29,2186.17,10,3.79,0.256,B
2024-12-15,78,119,155.8,49.4,11,165.16,552,221,84,33,3237.55,2,3.67,0.296,A
2024-12-16,90,178,137.1,55.0,11,161.03,812,313,115,45,4107.36,16,3.47,0.505,C
2024-12-17,98,182,154.1,55.1,11,160.2,809,329,114,40,4189.61,15,3.57,0.484,B
2024-12-18,91,153,146.6,55.4,10,172.35,795,313,128,47,4641.11,24,3.41,0.558,C
2024-12-19,117,199,146.3,53.3,14,168.08,796,337,119,38,3933.02,18,3.56,0.52,C
2024-12-20,109,172,150.7,52.9,10,165.64,803,321,117,48,4273.81,12,3.44,0.582,A
2024-12-21,54,106,151.1,54.0,7,171.19,573,207,85,29,2606.73,8,3.71,0.214,A
2024-12-22,61,97,152.5,53.3,9,178.23,569,231,78,29,2393.4,7,3.8,0.217,A
2024-12-23,100,166,141.0,54.6,6,162.11,815,346,129,43,3864.97,17,3.4,0.551,A
2024-12-24,102,182,141.7,53.5,10,166.95,838,351,124,45,4616.75,15,3.51,0.557,C
2024-12-25,94,156,148.2,55.1,10,170.74,827,349,131,48,4988.77,8,3.43,0.581,A
2024-12-26,123,206,149.3,47.7,10,183.59,855,332,129,49,4317.83,10,3.47,0.652,C
2024-12-27,110,188,143.4,52.4,15,178.63,838,344,133,52,4817.62,18,3.42,0.658,A
2024-12-28,83,152,154.9,48.1,12,181.98,607,235,92,41,3882.13,19,3.55,0.396,A
2024-12-29,72,147,122.8,54.7,12,173.37,596,240,94,39,3845.03,11,3.55,0.357,A
2024-12-30,113,201,139.0,58.0,9,174.4,860,331,133,54,4627.07,21,3.31,0.679,B
2024-12-31,103,187,145.8,51.3,9,183.17,847,332,130,55,4753.31,21,3.3,0.659,C
